topic=input_topic
consumers=1
agents=10
coef=0.24782783
intercept=-1.10312395
timeout=5
